26.3
26.3
19.3
24.6
26.3
26.3
26.3
26.3
26.3
24.6
26.3
26.3
24.6
28.1
19.3
19.3
19.3
19.3
22.8
22.8
19.3
21.1
19.3
22.8
14.0
19.3
8.8
8.8
19.3
8.8
12.3
8.8
10.5
8.8
10.5
12.3
7.0
10.5
14.0
19.3
7.0
7.0
12.3
10.5
7.0
8.8
12.3
14.0
12.3
8.8
7.0
7.0
17.5
8.8
10.5
7.0
7.0
15.8
7.0
8.8
7.0
7.0
10.5
5.3
12.3
12.3
14.0
7.0
7.0
7.0
12.3
10.5
7.0
8.8
7.0
8.8
7.0
8.8
7.0
7.0
7.0
7.0
10.5
7.0
10.5
7.0
7.0
8.8
7.0
7.0
15.8
7.0
12.3
8.8
12.3
8.8
8.8
7.0
5.3
8.8
8.8
8.8
7.0
8.8
7.0
8.8
7.0
7.0
7.0
7.0
7.0
7.0
5.3
10.5
7.0
7.0
8.8
7.0
12.3
7.0
8.8
8.8
7.0
15.8
8.8
12.3
7.0
7.0
7.0
8.8
10.5
8.8
7.0
7.0
10.5
7.0
