45.6
28.1
26.3
26.3
24.6
19.3
21.1
26.3
22.8
24.6
21.1
22.8
26.3
24.6
24.6
22.8
22.8
24.6
17.5
24.6
26.3
19.3
28.1
21.1
22.8
24.6
24.6
15.8
21.1
22.8
15.8
19.3
15.8
19.3
21.1
14.0
7.0
7.0
5.3
8.8
8.8
7.0
15.8
10.5
10.5
10.5
7.0
7.0
10.5
7.0
8.8
10.5
8.8
8.8
7.0
12.3
7.0
22.8
12.3
7.0
10.5
14.0
10.5
8.8
7.0
12.3
7.0
8.8
7.0
7.0
7.0
7.0
7.0
8.8
7.0
7.0
10.5
8.8
7.0
10.5
7.0
7.0
8.8
7.0
7.0
7.0
10.5
7.0
7.0
15.8
7.0
7.0
19.3
8.8
8.8
8.8
8.8
7.0
7.0
7.0
7.0
14.0
8.8
7.0
7.0
7.0
7.0
12.3
8.8
7.0
7.0
8.8
7.0
14.0
7.0
8.8
7.0
8.8
7.0
7.0
7.0
10.5
7.0
7.0
7.0
7.0
7.0
19.3
7.0
7.0
7.0
7.0
7.0
7.0
7.0
7.0
7.0
7.0
5.3
7.0
14.0
12.3
7.0
7.0
7.0
7.0
7.0
7.0
14.0
7.0
19.3
8.8
10.5
7.0
7.0
7.0
7.0
7.0
7.0
8.8
8.8
8.8
7.0
7.0
7.0
7.0
7.0
7.0
7.0
8.8
7.0
19.3
7.0
5.3
7.0
7.0
8.8
7.0
7.0
5.3
5.3
7.0
7.0
7.0
7.0
8.8
7.0
7.0
7.0
8.8
5.3
7.0
5.3
7.0
7.0
7.0
7.0
3.5
7.0
3.5
1.8
12.3
12.3
5.3
