26.3
35.1
24.6
24.6
26.3
24.6
28.1
21.1
21.1
21.1
19.3
19.3
19.3
14.0
17.5
8.8
12.3
21.1
15.8
21.1
10.5
22.8
14.0
21.1
10.5
10.5
14.0
7.0
15.8
14.0
19.3
10.5
14.0
17.5
14.0
10.5
15.8
15.8
19.3
7.0
8.8
3.5
7.0
8.8
10.5
10.5
14.0
7.0
7.0
8.8
7.0
7.0
7.0
8.8
7.0
7.0
7.0
8.8
15.8
7.0
7.0
7.0
19.3
12.3
8.8
7.0
7.0
8.8
8.8
8.8
8.8
10.5
14.0
8.8
8.8
7.0
7.0
7.0
7.0
8.8
8.8
7.0
17.5
8.8
7.0
7.0
8.8
3.5
17.5
10.5
3.5
7.0
8.8
8.8
7.0
5.3
8.8
7.0
1.8
10.5
5.3
17.5
10.5
3.5
3.5
1.8
8.8
7.0
1.8
5.3
3.5
5.3
3.5
5.3
5.3
5.3
5.3
14.0
1.8
1.8
3.5
3.5
1.8
3.5
1.8
1.8
3.5
0.0
0.0
0.0
5.3
3.5
0.0
0.0
0.0
0.0
