26.3
26.3
26.3
35.1
24.6
31.6
26.3
26.3
26.3
26.3
26.3
26.3
26.3
26.3
33.3
26.3
26.3
19.3
33.3
17.5
21.1
24.6
8.8
22.8
19.3
22.8
19.3
24.6
22.8
24.6
22.8
26.3
19.3
8.8
15.8
17.5
15.8
17.5
15.8
21.1
7.0
21.1
7.0
8.8
8.8
7.0
8.8
7.0
7.0
10.5
10.5
8.8
10.5
8.8
5.3
8.8
10.5
8.8
8.8
14.0
19.3
14.0
8.8
15.8
3.5
12.3
7.0
8.8
7.0
7.0
7.0
8.8
8.8
10.5
5.3
7.0
7.0
7.0
7.0
12.3
5.3
19.3
7.0
7.0
7.0
10.5
10.5
10.5
8.8
17.5
10.5
7.0
10.5
8.8
19.3
7.0
15.8
7.0
8.8
8.8
8.8
7.0
17.5
5.3
10.5
7.0
8.8
12.3
10.5
8.8
12.3
10.5
7.0
7.0
7.0
7.0
15.8
8.8
8.8
8.8
7.0
7.0
7.0
17.5
7.0
7.0
7.0
14.0
8.8
7.0
7.0
8.8
12.3
7.0
7.0
7.0
14.0
10.5
8.8
15.8
10.5
8.8
7.0
7.0
17.5
5.3
8.8
5.3
17.5
7.0
5.3
7.0
5.3
7.0
7.0
8.8
7.0
14.0
7.0
0.0
7.0
8.8
8.8
7.0
10.5
17.5
12.3
7.0
8.8
7.0
7.0
7.0
10.5
1.8
15.8
7.0
7.0
7.0
7.0
17.5
7.0
10.5
7.0
15.8
15.8
5.3
7.0
5.3
10.5
5.3
7.0
8.8
8.8
8.8
10.5
7.0
14.0
7.0
7.0
7.0
12.3
8.8
8.8
7.0
