26.3
21.1
29.8
26.3
28.1
26.3
33.3
26.3
28.1
21.1
17.5
22.8
21.1
17.5
28.1
21.1
21.1
26.3
19.3
10.5
19.3
17.5
12.3
24.6
8.8
17.5
7.0
10.5
10.5
7.0
8.8
7.0
8.8
12.3
7.0
21.1
7.0
8.8
8.8
7.0
10.5
8.8
8.8
15.8
8.8
17.5
7.0
21.1
12.3
17.5
10.5
10.5
7.0
7.0
12.3
14.0
8.8
14.0
8.8
19.3
7.0
12.3
19.3
10.5
10.5
12.3
10.5
21.1
14.0
8.8
8.8
8.8
14.0
15.8
7.0
8.8
8.8
7.0
7.0
8.8
14.0
7.0
10.5
7.0
7.0
17.5
7.0
7.0
7.0
8.8
7.0
12.3
7.0
7.0
7.0
7.0
7.0
7.0
19.3
10.5
8.8
12.3
7.0
7.0
17.5
7.0
8.8
8.8
7.0
8.8
7.0
8.8
8.8
8.8
14.0
7.0
8.8
8.8
7.0
7.0
7.0
7.0
7.0
7.0
19.3
7.0
12.3
7.0
8.8
17.5
7.0
7.0
14.0
8.8
8.8
7.0
10.5
7.0
17.5
7.0
3.5
7.0
10.5
5.3
10.5
5.3
8.8
10.5
14.0
7.0
5.3
1.8
14.0
5.3
1.8
5.3
7.0
8.8
7.0
8.8
7.0
5.3
1.8
0.0
1.8
5.3
7.0
7.0
3.5
5.3
1.8
7.0
5.3
10.5
7.0
1.8
1.8
0.0
3.5
3.5
1.8
0.0
15.8
10.5
3.5
3.5
7.0
5.3
1.8
7.0
3.5
0.0
3.5
8.8
0.0
8.8
3.5
7.0
7.0
1.8
1.8
1.8
8.8
0.0
