26.3
33.3
26.3
26.3
26.3
26.3
26.3
26.3
26.3
26.3
22.8
24.6
24.6
22.8
19.3
19.3
21.1
22.8
17.5
21.1
19.3
17.5
19.3
17.5
17.5
19.3
24.6
19.3
24.6
17.5
19.3
17.5
14.0
21.1
15.8
15.8
12.3
15.8
8.8
14.0
7.0
8.8
8.8
21.1
17.5
14.0
15.8
19.3
21.1
7.0
7.0
12.3
7.0
14.0
15.8
10.5
12.3
10.5
12.3
19.3
8.8
7.0
10.5
8.8
12.3
8.8
7.0
8.8
10.5
7.0
7.0
7.0
7.0
14.0
7.0
7.0
10.5
7.0
10.5
8.8
8.8
8.8
19.3
7.0
19.3
15.8
7.0
7.0
7.0
7.0
7.0
10.5
12.3
7.0
5.3
0.0
7.0
7.0
7.0
19.3
7.0
7.0
7.0
8.8
7.0
7.0
17.5
17.5
10.5
7.0
7.0
7.0
7.0
7.0
7.0
7.0
7.0
7.0
14.0
7.0
7.0
12.3
7.0
7.0
19.3
8.8
7.0
7.0
7.0
8.8
7.0
7.0
10.5
7.0
14.0
7.0
