36.8
26.3
43.9
31.6
28.1
26.3
31.6
26.3
26.3
26.3
26.3
26.3
26.3
26.3
35.1
26.3
26.3
26.3
26.3
26.3
19.3
24.6
24.6
21.1
21.1
8.8
8.8
8.8
8.8
10.5
8.8
8.8
8.8
8.8
8.8
7.0
7.0
8.8
10.5
14.0
7.0
8.8
10.5
3.5
17.5
8.8
7.0
7.0
8.8
19.3
7.0
15.8
8.8
7.0
14.0
8.8
7.0
8.8
7.0
12.3
10.5
7.0
14.0
7.0
8.8
7.0
15.8
7.0
7.0
7.0
8.8
7.0
7.0
7.0
7.0
7.0
14.0
14.0
7.0
8.8
7.0
7.0
7.0
7.0
7.0
7.0
1.8
7.0
7.0
7.0
8.8
10.5
8.8
0.0
10.5
7.0
8.8
10.5
19.3
7.0
7.0
7.0
8.8
8.8
7.0
7.0
0.0
5.3
7.0
7.0
5.3
12.3
8.8
7.0
8.8
7.0
0.0
7.0
7.0
7.0
7.0
7.0
7.0
5.3
7.0
7.0
19.3
5.3
7.0
7.0
14.0
8.8
7.0
7.0
5.3
7.0
7.0
5.3
3.5
7.0
12.3
7.0
5.3
7.0
5.3
8.8
0.0
5.3
5.3
7.0
7.0
7.0
7.0
7.0
7.0
5.3
5.3
3.5
5.3
3.5
7.0
17.5
5.3
0.0
5.3
7.0
1.8
8.8
3.5
1.8
3.5
5.3
3.5
3.5
1.8
7.0
0.0
0.0
1.8
1.8
5.3
3.5
8.8
0.0
1.8
1.8
3.5
5.3
1.8
7.0
3.5
1.8
12.3
1.8
1.8
5.3
1.8
1.8
5.3
3.5
1.8
0.0
1.8
0.0
