24.6
26.3
26.3
21.1
35.1
26.3
26.3
26.3
26.3
24.6
22.8
15.8
21.1
29.8
17.5
24.6
17.5
21.1
21.1
21.1
21.1
22.8
22.8
19.3
21.1
17.5
21.1
26.3
12.3
12.3
15.8
15.8
21.1
15.8
14.0
7.0
7.0
12.3
12.3
8.8
7.0
7.0
7.0
17.5
8.8
8.8
8.8
10.5
7.0
7.0
10.5
8.8
19.3
8.8
7.0
8.8
10.5
7.0
10.5
15.8
10.5
8.8
14.0
7.0
7.0
7.0
17.5
0.0
10.5
10.5
7.0
8.8
7.0
7.0
7.0
7.0
7.0
10.5
10.5
14.0
12.3
7.0
12.3
7.0
8.8
10.5
12.3
7.0
7.0
8.8
7.0
8.8
8.8
10.5
8.8
10.5
10.5
10.5
7.0
7.0
7.0
3.5
7.0
7.0
8.8
14.0
7.0
5.3
7.0
7.0
7.0
7.0
7.0
12.3
12.3
5.3
8.8
7.0
10.5
8.8
7.0
10.5
7.0
7.0
7.0
7.0
12.3
7.0
5.3
8.8
7.0
7.0
8.8
7.0
5.3
7.0
