26.3
26.3
26.3
26.3
28.1
22.8
26.3
35.1
24.6
36.8
28.1
22.8
31.6
24.6
26.3
26.3
26.3
26.3
22.8
15.8
10.5
10.5
8.8
19.3
21.1
15.8
14.0
17.5
19.3
15.8
8.8
8.8
15.8
8.8
7.0
10.5
8.8
8.8
7.0
15.8
14.0
7.0
19.3
12.3
7.0
7.0
19.3
7.0
8.8
15.8
10.5
7.0
8.8
12.3
7.0
10.5
7.0
7.0
15.8
8.8
7.0
7.0
7.0
8.8
10.5
10.5
15.8
7.0
5.3
7.0
8.8
19.3
7.0
7.0
14.0
7.0
7.0
7.0
7.0
7.0
17.5
12.3
19.3
14.0
8.8
8.8
7.0
8.8
7.0
7.0
10.5
10.5
8.8
7.0
7.0
8.8
7.0
8.8
7.0
7.0
12.3
7.0
7.0
12.3
7.0
7.0
7.0
8.8
7.0
7.0
7.0
19.3
8.8
7.0
8.8
8.8
8.8
14.0
8.8
7.0
8.8
7.0
8.8
7.0
10.5
12.3
8.8
10.5
7.0
7.0
7.0
10.5
7.0
7.0
7.0
14.0
7.0
8.8
5.3
7.0
8.8
8.8
7.0
8.8
7.0
14.0
7.0
7.0
7.0
7.0
7.0
7.0
7.0
8.8
7.0
7.0
14.0
7.0
7.0
7.0
7.0
8.8
14.0
8.8
7.0
8.8
7.0
7.0
7.0
19.3
8.8
7.0
7.0
7.0
7.0
17.5
7.0
8.8
7.0
7.0
10.5
7.0
7.0
14.0
8.8
8.8
7.0
7.0
7.0
7.0
7.0
7.0
5.3
8.8
8.8
10.5
7.0
7.0
7.0
7.0
19.3
7.0
7.0
7.0
