26.3
26.3
26.3
24.6
26.3
26.3
43.9
24.6
26.3
22.8
26.3
21.1
12.3
21.1
17.5
21.1
22.8
21.1
24.6
19.3
22.8
10.5
7.0
12.3
15.8
8.8
15.8
12.3
0.0
15.8
7.0
7.0
7.0
14.0
10.5
7.0
7.0
14.0
10.5
7.0
8.8
12.3
7.0
7.0
7.0
8.8
7.0
10.5
7.0
8.8
8.8
8.8
12.3
19.3
7.0
7.0
7.0
7.0
14.0
7.0
8.8
7.0
7.0
7.0
7.0
7.0
15.8
7.0
7.0
7.0
7.0
7.0
8.8
8.8
7.0
7.0
7.0
14.0
8.8
8.8
19.3
8.8
7.0
8.8
8.8
7.0
7.0
14.0
8.8
8.8
7.0
7.0
7.0
7.0
8.8
8.8
7.0
7.0
7.0
7.0
17.5
7.0
7.0
7.0
7.0
7.0
8.8
7.0
7.0
8.8
8.8
7.0
7.0
7.0
7.0
17.5
7.0
7.0
7.0
17.5
8.8
7.0
12.3
7.0
12.3
7.0
7.0
8.8
14.0
7.0
7.0
7.0
8.8
7.0
7.0
7.0
