29.8
26.3
28.1
22.8
26.3
33.3
24.6
26.3
26.3
26.3
26.3
26.3
26.3
24.6
26.3
29.8
24.6
28.1
31.6
24.6
24.6
15.8
19.3
17.5
24.6
17.5
10.5
19.3
14.0
10.5
19.3
19.3
14.0
8.8
10.5
10.5
8.8
8.8
8.8
19.3
8.8
15.8
8.8
8.8
8.8
8.8
14.0
8.8
19.3
19.3
19.3
10.5
10.5
10.5
8.8
3.5
8.8
10.5
14.0
14.0
19.3
8.8
8.8
12.3
12.3
8.8
8.8
8.8
10.5
8.8
8.8
8.8
8.8
10.5
8.8
8.8
8.8
8.8
10.5
12.3
8.8
17.5
3.5
10.5
8.8
8.8
10.5
8.8
7.0
8.8
15.8
12.3
8.8
7.0
10.5
19.3
8.8
8.8
8.8
8.8
7.0
8.8
8.8
7.0
7.0
10.5
15.8
19.3
8.8
8.8
10.5
8.8
10.5
8.8
8.8
8.8
17.5
8.8
8.8
10.5
8.8
8.8
14.0
10.5
8.8
5.3
10.5
8.8
1.8
12.3
7.0
14.0
7.0
8.8
8.8
8.8
19.3
8.8
0.0
10.5
7.0
8.8
8.8
7.0
8.8
19.3
8.8
0.0
8.8
15.8
8.8
8.8
8.8
8.8
7.0
12.3
10.5
8.8
8.8
8.8
8.8
5.3
8.8
10.5
8.8
7.0
7.0
7.0
8.8
8.8
8.8
7.0
7.0
0.0
7.0
7.0
8.8
7.0
7.0
7.0
8.8
7.0
7.0
8.8
8.8
7.0
7.0
12.3
15.8
7.0
7.0
7.0
7.0
8.8
17.5
10.5
8.8
10.5
19.3
7.0
7.0
12.3
1.8
7.0
