26.3
26.3
26.3
26.3
26.3
26.3
22.8
22.8
19.3
29.8
28.1
22.8
21.1
21.1
15.8
26.3
26.3
12.3
22.8
10.5
12.3
12.3
12.3
19.3
15.8
14.0
17.5
8.8
17.5
10.5
14.0
17.5
7.0
7.0
12.3
7.0
7.0
7.0
12.3
19.3
15.8
12.3
14.0
15.8
7.0
8.8
7.0
17.5
14.0
10.5
12.3
12.3
8.8
7.0
7.0
7.0
19.3
8.8
0.0
7.0
12.3
7.0
7.0
7.0
7.0
7.0
17.5
8.8
7.0
7.0
7.0
17.5
7.0
7.0
7.0
7.0
7.0
5.3
7.0
19.3
14.0
10.5
8.8
8.8
8.8
8.8
7.0
7.0
10.5
7.0
3.5
12.3
0.0
8.8
5.3
7.0
5.3
5.3
7.0
7.0
5.3
7.0
5.3
12.3
3.5
7.0
7.0
1.8
3.5
1.8
3.5
8.8
3.5
5.3
0.0
8.8
1.8
1.8
1.8
0.0
1.8
0.0
1.8
5.3
0.0
0.0
7.0
0.0
1.8
0.0
0.0
0.0
0.0
3.5
0.0
3.5
