24.6
33.3
22.8
26.3
26.3
28.1
26.3
26.3
26.3
26.3
26.3
26.3
26.3
26.3
26.3
21.1
24.6
22.8
22.8
24.6
26.3
22.8
24.6
26.3
24.6
26.3
31.6
19.3
24.6
24.6
26.3
17.5
21.1
21.1
21.1
19.3
19.3
19.3
21.1
24.6
19.3
17.5
17.5
24.6
19.3
22.8
17.5
15.8
21.1
19.3
19.3
24.6
15.8
17.5
15.8
15.8
22.8
19.3
19.3
19.3
15.8
19.3
15.8
19.3
17.5
21.1
19.3
22.8
14.0
21.1
22.8
19.3
22.8
21.1
17.5
19.3
14.0
14.0
17.5
14.0
10.5
17.5
17.5
21.1
15.8
17.5
21.1
22.8
15.8
14.0
15.8
14.0
12.3
15.8
22.8
15.8
10.5
15.8
14.0
15.8
17.5
15.8
24.6
14.0
17.5
17.5
17.5
15.8
15.8
17.5
21.1
14.0
21.1
17.5
19.3
22.8
15.8
17.5
14.0
17.5
17.5
14.0
21.1
22.8
10.5
15.8
15.8
15.8
19.3
17.5
21.1
22.8
15.8
14.0
17.5
19.3
