27.6
31.0
32.8
32.8
36.2
27.6
27.6
27.6
25.9
27.6
27.6
27.6
25.9
27.6
27.6
27.6
27.6
19.0
27.6
13.8
19.0
12.1
17.2
22.4
20.7
13.8
12.1
15.5
13.8
12.1
8.6
6.9
8.6
15.5
10.3
13.8
10.3
10.3
13.8
3.4
8.6
8.6
22.4
8.6
8.6
10.3
6.9
10.3
6.9
6.9
12.1
8.6
10.3
10.3
6.9
20.7
6.9
6.9
10.3
12.1
6.9
6.9
6.9
15.5
6.9
6.9
13.8
19.0
6.9
13.8
6.9
6.9
20.7
6.9
6.9
12.1
6.9
6.9
6.9
6.9
6.9
6.9
8.6
8.6
5.2
20.7
8.6
12.1
6.9
6.9
10.3
13.8
8.6
6.9
10.3
6.9
6.9
6.9
8.6
6.9
0.0
8.6
0.0
0.0
13.8
8.6
5.2
0.0
3.4
0.0
5.2
1.7
1.7
0.0
0.0
0.0
12.1
3.4
0.0
0.0
0.0
6.9
0.0
0.0
6.9
1.7
3.4
0.0
1.7
6.9
0.0
3.4
0.0
0.0
