26.3
22.8
26.3
22.8
26.3
22.8
19.3
24.6
17.5
15.8
28.1
17.5
35.1
19.3
19.3
19.3
19.3
7.0
8.8
17.5
19.3
12.3
22.8
12.3
14.0
21.1
12.3
15.8
8.8
10.5
12.3
8.8
8.8
8.8
8.8
8.8
8.8
7.0
8.8
10.5
15.8
7.0
21.1
7.0
8.8
8.8
10.5
8.8
12.3
8.8
8.8
14.0
17.5
8.8
14.0
8.8
7.0
7.0
8.8
5.3
7.0
10.5
15.8
12.3
7.0
8.8
12.3
3.5
7.0
8.8
7.0
8.8
8.8
7.0
7.0
7.0
8.8
7.0
7.0
7.0
7.0
7.0
7.0
5.3
12.3
7.0
7.0
14.0
5.3
12.3
3.5
5.3
10.5
8.8
3.5
7.0
7.0
3.5
3.5
7.0
7.0
3.5
1.8
3.5
12.3
1.8
7.0
5.3
5.3
5.3
3.5
3.5
5.3
5.3
5.3
1.8
7.0
12.3
5.3
3.5
3.5
1.8
5.3
1.8
5.3
7.0
1.8
3.5
1.8
3.5
1.8
5.3
7.0
0.0
5.3
0.0
