iteration 0
[0.25  0.25  0.25  ... 0.165 0.25  0.25 ]
[0.25  0.25  0.25  ... 0.165 0.25  0.25 ]
iteration 1
[0.25  0.25  0.25  ... 0.165 0.25  0.25 ]
[0.25  0.25  0.25  ... 0.165 0.25  0.25 ]
iteration 2
[0.25  0.25  0.25  ... 0.165 0.25  0.25 ]
[0.25  0.25  0.25  ... 0.165 0.25  0.25 ]
iteration 3
[0.25  0.25  0.25  ... 0.165 0.25  0.25 ]
[0.25  0.25  0.25  ... 0.165 0.25  0.25 ]
iteration 4
[0.25  0.25  0.25  ... 0.165 0.25  0.25 ]
[0.25  0.25  0.25  ... 0.165 0.25  0.25 ]
iteration 5
[0.25  0.25  0.25  ... 0.165 0.25  0.25 ]
[0.25  0.25  0.25  ... 0.165 0.25  0.25 ]
iteration 6
[0.25  0.25  0.25  ... 0.165 0.25  0.25 ]
[0.25  0.25  0.25  ... 0.165 0.25  0.25 ]
iteration 7
[0.25  0.25  0.25  ... 0.165 0.25  0.25 ]
[0.25  0.25  0.25  ... 0.165 0.25  0.25 ]
iteration 8
[0.25  0.25  0.25  ... 0.165 0.25  0.25 ]
[0.25  0.25  0.25  ... 0.165 0.25  0.25 ]
iteration 9
[0.25  0.25  0.25  ... 0.165 0.25  0.25 ]
[0.25  0.25  0.25  ... 0.165 0.25  0.25 ]
iteration 10
[0.25  0.25  0.25  ... 0.165 0.25  0.25 ]
[0.25  0.25  0.25  ... 0.165 0.25  0.25 ]
iteration 11
[0.25  0.25  0.25  ... 0.165 0.25  0.25 ]
[0.25  0.25  0.25  ... 0.165 0.25  0.25 ]
iteration 12
[0.25  0.25  0.25  ... 0.165 0.25  0.25 ]
[0.25  0.25  0.25  ... 0.165 0.25  0.25 ]
iteration 13
[0.25  0.25  0.25  ... 0.165 0.25  0.25 ]
[0.25  0.25  0.25  ... 0.165 0.25  0.25 ]
iteration 14
[0.25  0.25  0.25  ... 0.165 0.25  0.25 ]
[0.25  0.25  0.25  ... 0.165 0.25  0.25 ]
iteration 15
[0.25  0.25  0.25  ... 0.165 0.25  0.25 ]
[0.25  0.25  0.25  ... 0.165 0.25  0.25 ]
iteration 16
[0.25  0.25  0.25  ... 0.165 0.25  0.25 ]
[0.25  0.25  0.25  ... 0.165 0.25  0.25 ]
iteration 17
[0.25  0.25  0.25  ... 0.165 0.25  0.25 ]
[0.25  0.25  0.25  ... 0.165 0.25  0.25 ]
iteration 18
[0.25  0.25  0.25  ... 0.165 0.25  0.25 ]
[0.25  0.25  0.25  ... 0.165 0.25  0.25 ]
iteration 19
[0.25  0.25  0.25  ... 0.165 0.25  0.25 ]
[0.25  0.25  0.25  ... 0.165 0.25  0.25 ]
iteration 20
[0.25  0.25  0.25  ... 0.165 0.25  0.25 ]
[0.25  0.25  0.25  ... 0.165 0.25  0.25 ]
iteration 21
[0.25  0.25  0.25  ... 0.165 0.25  0.25 ]
[0.25  0.25  0.25  ... 0.165 0.25  0.25 ]
iteration 22
[0.25  0.25  0.25  ... 0.165 0.25  0.25 ]
[0.25  0.25  0.25  ... 0.165 0.25  0.25 ]
iteration 23
[0.25  0.25  0.25  ... 0.165 0.25  0.25 ]
[0.25  0.25  0.25  ... 0.165 0.25  0.25 ]
iteration 24
[0.25  0.25  0.25  ... 0.165 0.25  0.25 ]
[0.25  0.25  0.25  ... 0.165 0.25  0.25 ]
iteration 25
[0.25  0.25  0.25  ... 0.165 0.25  0.25 ]
[0.25  0.25  0.25  ... 0.165 0.25  0.25 ]
iteration 26
[0.25  0.25  0.25  ... 0.165 0.25  0.25 ]
[0.25  0.25  0.25  ... 0.165 0.25  0.25 ]
iteration 27
[0.25  0.25  0.25  ... 0.165 0.25  0.25 ]
[0.25  0.25  0.25  ... 0.165 0.25  0.25 ]
iteration 28
[0.25  0.25  0.25  ... 0.165 0.25  0.25 ]
[0.25  0.25  0.25  ... 0.165 0.25  0.25 ]
iteration 29
[0.25  0.25  0.25  ... 0.165 0.25  0.25 ]
[0.25  0.25  0.25  ... 0.165 0.25  0.25 ]
iteration 30
[0.25  0.25  0.25  ... 0.165 0.25  0.25 ]
[0.25  0.25  0.25  ... 0.165 0.25  0.25 ]
iteration 31
[0.25  0.25  0.25  ... 0.165 0.25  0.25 ]
[0.25  0.25  0.25  ... 0.165 0.25  0.25 ]
iteration 32
[0.25  0.25  0.25  ... 0.165 0.25  0.25 ]
[0.25  0.25  0.25  ... 0.165 0.25  0.25 ]
iteration 33
[0.25  0.25  0.25  ... 0.165 0.25  0.25 ]
[0.25  0.25  0.25  ... 0.165 0.25  0.25 ]
iteration 34
[0.25  0.25  0.25  ... 0.165 0.25  0.25 ]
[0.25  0.25  0.25  ... 0.165 0.25  0.25 ]
iteration 35
[0.25  0.25  0.25  ... 0.165 0.25  0.25 ]
[0.25  0.25  0.25  ... 0.165 0.25  0.25 ]
iteration 36
[0.25  0.25  0.25  ... 0.165 0.25  0.25 ]
[0.25  0.25  0.25  ... 0.165 0.25  0.25 ]
iteration 37
[0.25  0.25  0.25  ... 0.165 0.25  0.25 ]
[0.25  0.25  0.25  ... 0.165 0.25  0.25 ]
iteration 38
[0.25  0.25  0.25  ... 0.165 0.25  0.25 ]
[0.25  0.25  0.25  ... 0.165 0.25  0.25 ]
iteration 39
[0.25  0.25  0.25  ... 0.165 0.25  0.25 ]
[0.25  0.25  0.25  ... 0.165 0.25  0.25 ]
iteration 40
[0.25  0.25  0.25  ... 0.165 0.25  0.25 ]
[0.25  0.25  0.25  ... 0.165 0.25  0.25 ]
iteration 41
[0.25  0.25  0.25  ... 0.165 0.25  0.25 ]
[0.25  0.25  0.25  ... 0.165 0.25  0.25 ]
iteration 42
[0.25  0.25  0.25  ... 0.165 0.25  0.25 ]
[0.25  0.25  0.25  ... 0.165 0.25  0.25 ]
iteration 43
[0.25  0.25  0.25  ... 0.165 0.25  0.25 ]
[0.25  0.25  0.25  ... 0.165 0.25  0.25 ]
iteration 44
[0.25  0.25  0.25  ... 0.165 0.25  0.25 ]
[0.25  0.25  0.25  ... 0.165 0.25  0.25 ]
iteration 45
[0.25  0.25  0.25  ... 0.165 0.25  0.25 ]
[0.25  0.25  0.25  ... 0.165 0.25  0.25 ]
iteration 46
[0.25  0.25  0.25  ... 0.165 0.25  0.25 ]
[0.25  0.25  0.25  ... 0.165 0.25  0.25 ]
iteration 47
[0.25  0.25  0.25  ... 0.165 0.25  0.25 ]
[0.25  0.25  0.25  ... 0.165 0.25  0.25 ]
iteration 48
[0.25  0.25  0.25  ... 0.165 0.25  0.25 ]
[0.25  0.25  0.25  ... 0.165 0.25  0.25 ]
iteration 49
[0.25  0.25  0.25  ... 0.165 0.25  0.25 ]
[0.25  0.25  0.25  ... 0.165 0.25  0.25 ]
iteration 50
[0.25  0.25  0.25  ... 0.165 0.25  0.25 ]
[0.25  0.25  0.25  ... 0.165 0.25  0.25 ]
iteration 51
[0.25  0.25  0.25  ... 0.165 0.25  0.25 ]
[0.25  0.25  0.25  ... 0.165 0.25  0.25 ]
iteration 52
[0.25  0.25  0.25  ... 0.165 0.25  0.25 ]
[0.25  0.25  0.25  ... 0.165 0.25  0.25 ]
iteration 53
[0.25  0.25  0.25  ... 0.165 0.25  0.25 ]
[0.25  0.25  0.25  ... 0.165 0.25  0.25 ]
iteration 54
[0.25  0.25  0.25  ... 0.165 0.25  0.25 ]
[0.25  0.25  0.25  ... 0.165 0.25  0.25 ]
iteration 55
[0.25  0.25  0.25  ... 0.165 0.25  0.25 ]
[0.25  0.25  0.25  ... 0.165 0.25  0.25 ]
iteration 56
[0.25  0.25  0.25  ... 0.165 0.25  0.25 ]
[0.25  0.25  0.25  ... 0.165 0.25  0.25 ]
iteration 57
[0.25  0.25  0.25  ... 0.165 0.25  0.25 ]
[0.25  0.25  0.25  ... 0.165 0.25  0.25 ]
iteration 58
[0.25  0.25  0.25  ... 0.165 0.25  0.25 ]
[0.25  0.25  0.25  ... 0.165 0.25  0.25 ]
iteration 59
[0.25  0.25  0.25  ... 0.165 0.25  0.25 ]
[0.25  0.25  0.25  ... 0.165 0.25  0.25 ]
iteration 60
[0.25  0.25  0.25  ... 0.165 0.25  0.25 ]
[0.25  0.25  0.25  ... 0.165 0.25  0.25 ]
iteration 61
[0.25  0.25  0.25  ... 0.165 0.25  0.25 ]
[0.25  0.25  0.25  ... 0.165 0.25  0.25 ]
iteration 62
[0.25  0.25  0.25  ... 0.165 0.25  0.25 ]
[0.25  0.25  0.25  ... 0.165 0.25  0.25 ]
iteration 63
[0.25  0.25  0.25  ... 0.165 0.25  0.25 ]
[0.25  0.25  0.25  ... 0.165 0.25  0.25 ]
iteration 64
[0.25  0.25  0.25  ... 0.165 0.25  0.25 ]
[0.25  0.25  0.25  ... 0.165 0.25  0.25 ]
iteration 65
[0.25  0.25  0.25  ... 0.165 0.25  0.25 ]
[0.25  0.25  0.25  ... 0.165 0.25  0.25 ]
iteration 66
[0.25  0.25  0.25  ... 0.165 0.25  0.25 ]
[0.25  0.25  0.25  ... 0.165 0.25  0.25 ]
iteration 67
[0.25  0.25  0.25  ... 0.165 0.25  0.25 ]
[0.25  0.25  0.25  ... 0.165 0.25  0.25 ]
iteration 68
[0.25  0.25  0.25  ... 0.165 0.25  0.25 ]
[0.25  0.25  0.25  ... 0.165 0.25  0.25 ]
iteration 69
[0.25  0.25  0.25  ... 0.165 0.25  0.25 ]
[0.25  0.25  0.25  ... 0.165 0.25  0.25 ]
iteration 70
[0.25  0.25  0.25  ... 0.165 0.25  0.25 ]
[0.25  0.25  0.25  ... 0.165 0.25  0.25 ]
iteration 71
[0.25  0.25  0.25  ... 0.165 0.25  0.25 ]
[0.25  0.25  0.25  ... 0.165 0.25  0.25 ]
iteration 72
[0.25  0.25  0.25  ... 0.165 0.25  0.25 ]
[0.25  0.25  0.25  ... 0.165 0.25  0.25 ]
iteration 73
[0.25  0.25  0.25  ... 0.165 0.25  0.25 ]
[0.25  0.25  0.25  ... 0.165 0.25  0.25 ]
iteration 74
[0.25  0.25  0.25  ... 0.165 0.25  0.25 ]
[0.25  0.25  0.25  ... 0.165 0.25  0.25 ]
iteration 75
[0.25  0.25  0.25  ... 0.165 0.25  0.25 ]
[0.25  0.25  0.25  ... 0.165 0.25  0.25 ]
iteration 76
[0.25  0.25  0.25  ... 0.165 0.25  0.25 ]
[0.25  0.25  0.25  ... 0.165 0.25  0.25 ]
iteration 77
[0.25  0.25  0.25  ... 0.165 0.25  0.25 ]
[0.25  0.25  0.25  ... 0.165 0.25  0.25 ]
iteration 78
[0.25  0.25  0.25  ... 0.165 0.25  0.25 ]
[0.25  0.25  0.25  ... 0.165 0.25  0.25 ]
iteration 79
[0.25  0.25  0.25  ... 0.165 0.25  0.25 ]
[0.25  0.25  0.25  ... 0.165 0.25  0.25 ]
iteration 80
[0.25  0.25  0.25  ... 0.165 0.25  0.25 ]
[0.25  0.25  0.25  ... 0.165 0.25  0.25 ]
iteration 81
[0.25  0.25  0.25  ... 0.165 0.25  0.25 ]
[0.25  0.25  0.25  ... 0.165 0.25  0.25 ]
iteration 82
[0.25  0.25  0.25  ... 0.165 0.25  0.25 ]
[0.25  0.25  0.25  ... 0.165 0.25  0.25 ]
iteration 83
[0.25  0.25  0.25  ... 0.165 0.25  0.25 ]
[0.25  0.25  0.25  ... 0.165 0.25  0.25 ]
iteration 84
[0.25  0.25  0.25  ... 0.165 0.25  0.25 ]
[0.25  0.25  0.25  ... 0.165 0.25  0.25 ]
iteration 85
[0.25  0.25  0.25  ... 0.165 0.25  0.25 ]
[0.25  0.25  0.25  ... 0.165 0.25  0.25 ]
iteration 86
[0.25  0.25  0.25  ... 0.165 0.25  0.25 ]
[0.25  0.25  0.25  ... 0.165 0.25  0.25 ]
iteration 87
[0.25  0.25  0.25  ... 0.165 0.25  0.25 ]
[0.25  0.25  0.25  ... 0.165 0.25  0.25 ]
iteration 88
[0.25  0.25  0.25  ... 0.165 0.25  0.25 ]
[0.25  0.25  0.25  ... 0.165 0.25  0.25 ]
iteration 89
[0.25  0.25  0.25  ... 0.165 0.25  0.25 ]
[0.25  0.25  0.25  ... 0.165 0.25  0.25 ]
iteration 90
[0.25  0.25  0.25  ... 0.165 0.25  0.25 ]
[0.25  0.25  0.25  ... 0.165 0.25  0.25 ]
iteration 91
[0.25  0.25  0.25  ... 0.165 0.25  0.25 ]
[0.25  0.25  0.25  ... 0.165 0.25  0.25 ]
iteration 92
[0.25  0.25  0.25  ... 0.165 0.25  0.25 ]
[0.25  0.25  0.25  ... 0.165 0.25  0.25 ]
iteration 93
[0.25  0.25  0.25  ... 0.165 0.25  0.25 ]
[0.25  0.25  0.25  ... 0.165 0.25  0.25 ]
iteration 94
[0.25  0.25  0.25  ... 0.165 0.25  0.25 ]
[0.25  0.25  0.25  ... 0.165 0.25  0.25 ]
iteration 95
[0.25  0.25  0.25  ... 0.165 0.25  0.25 ]
[0.25  0.25  0.25  ... 0.165 0.25  0.25 ]
iteration 96
[0.25  0.25  0.25  ... 0.165 0.25  0.25 ]
[0.25  0.25  0.25  ... 0.165 0.25  0.25 ]
iteration 97
[0.25  0.25  0.25  ... 0.165 0.25  0.25 ]
[0.25  0.25  0.25  ... 0.165 0.25  0.25 ]
iteration 98
[0.25  0.25  0.25  ... 0.165 0.25  0.25 ]
[0.25  0.25  0.25  ... 0.165 0.25  0.25 ]
iteration 99
[0.25  0.25  0.25  ... 0.165 0.25  0.25 ]
[0.25  0.25  0.25  ... 0.165 0.25  0.25 ]
iteration 100
[0.25  0.25  0.25  ... 0.165 0.25  0.25 ]
[0.25  0.25  0.25  ... 0.165 0.25  0.25 ]
iteration 101
[0.25  0.25  0.25  ... 0.165 0.25  0.25 ]
[0.25  0.25  0.25  ... 0.165 0.25  0.25 ]
iteration 102
[0.25  0.25  0.25  ... 0.165 0.25  0.25 ]
[0.25  0.25  0.25  ... 0.165 0.25  0.25 ]
iteration 103
[0.25  0.25  0.25  ... 0.165 0.25  0.25 ]
[0.25  0.25  0.25  ... 0.165 0.25  0.25 ]
iteration 104
[0.25  0.25  0.25  ... 0.165 0.25  0.25 ]
[0.25  0.25  0.25  ... 0.165 0.25  0.25 ]
iteration 105
[0.25  0.25  0.25  ... 0.165 0.25  0.25 ]
[0.25  0.25  0.25  ... 0.165 0.25  0.25 ]
iteration 106
[0.25  0.25  0.25  ... 0.165 0.25  0.25 ]
[0.25  0.25  0.25  ... 0.165 0.25  0.25 ]
iteration 107
[0.25  0.25  0.25  ... 0.165 0.25  0.25 ]
[0.25  0.25  0.25  ... 0.165 0.25  0.25 ]
iteration 108
[0.25  0.25  0.25  ... 0.165 0.25  0.25 ]
[0.25  0.25  0.25  ... 0.165 0.25  0.25 ]
iteration 109
[0.25  0.25  0.25  ... 0.165 0.25  0.25 ]
[0.25  0.25  0.25  ... 0.165 0.25  0.25 ]
iteration 110
[0.25  0.25  0.25  ... 0.165 0.25  0.25 ]
[0.25  0.25  0.25  ... 0.165 0.25  0.25 ]
iteration 111
[0.25  0.25  0.25  ... 0.165 0.25  0.25 ]
[0.25  0.25  0.25  ... 0.165 0.25  0.25 ]
iteration 112
[0.25  0.25  0.25  ... 0.165 0.25  0.25 ]
[0.25  0.25  0.25  ... 0.165 0.25  0.25 ]
iteration 113
[0.25  0.25  0.25  ... 0.165 0.25  0.25 ]
[0.25  0.25  0.25  ... 0.165 0.25  0.25 ]
iteration 114
[0.25  0.25  0.25  ... 0.165 0.25  0.25 ]
[0.25  0.25  0.25  ... 0.165 0.25  0.25 ]
iteration 115
[0.25  0.25  0.25  ... 0.165 0.25  0.25 ]
[0.25  0.25  0.25  ... 0.165 0.25  0.25 ]
iteration 116
[0.25  0.25  0.25  ... 0.165 0.25  0.25 ]
[0.25  0.25  0.25  ... 0.165 0.25  0.25 ]
iteration 117
[0.25  0.25  0.25  ... 0.165 0.25  0.25 ]
[0.25  0.25  0.25  ... 0.165 0.25  0.25 ]
iteration 118
[0.25  0.25  0.25  ... 0.165 0.25  0.25 ]
[0.25  0.25  0.25  ... 0.165 0.25  0.25 ]
iteration 119
[0.25  0.25  0.25  ... 0.165 0.25  0.25 ]
[0.25  0.25  0.25  ... 0.165 0.25  0.25 ]
iteration 120
[0.25  0.25  0.25  ... 0.165 0.25  0.25 ]
[0.25  0.25  0.25  ... 0.165 0.25  0.25 ]
iteration 121
[0.25  0.25  0.25  ... 0.165 0.25  0.25 ]
[0.25  0.25  0.25  ... 0.165 0.25  0.25 ]
iteration 122
[0.25  0.25  0.25  ... 0.165 0.25  0.25 ]
[0.25  0.25  0.25  ... 0.165 0.25  0.25 ]
iteration 123
[0.25  0.25  0.25  ... 0.165 0.25  0.25 ]
[0.25  0.25  0.25  ... 0.165 0.25  0.25 ]
iteration 124
[0.25  0.25  0.25  ... 0.165 0.25  0.25 ]
[0.25  0.25  0.25  ... 0.165 0.25  0.25 ]
iteration 125
[0.25  0.25  0.25  ... 0.165 0.25  0.25 ]
[0.25  0.25  0.25  ... 0.165 0.25  0.25 ]
iteration 126
[0.25  0.25  0.25  ... 0.165 0.25  0.25 ]
[0.25  0.25  0.25  ... 0.165 0.25  0.25 ]
iteration 127
[0.25  0.25  0.25  ... 0.165 0.25  0.25 ]
[0.25  0.25  0.25  ... 0.165 0.25  0.25 ]
iteration 128
[0.25  0.25  0.25  ... 0.165 0.25  0.25 ]
[0.25  0.25  0.25  ... 0.165 0.25  0.25 ]
iteration 129
[0.25  0.25  0.25  ... 0.165 0.25  0.25 ]
[0.25  0.25  0.25  ... 0.165 0.25  0.25 ]
iteration 130
[0.25  0.25  0.25  ... 0.165 0.25  0.25 ]
[0.25  0.25  0.25  ... 0.165 0.25  0.25 ]
iteration 131
[0.25  0.25  0.25  ... 0.165 0.25  0.25 ]
[0.25  0.25  0.25  ... 0.165 0.25  0.25 ]
iteration 132
[0.25  0.25  0.25  ... 0.165 0.25  0.25 ]
[0.25  0.25  0.25  ... 0.165 0.25  0.25 ]
iteration 133
[0.25  0.25  0.25  ... 0.165 0.25  0.25 ]
[0.25  0.25  0.25  ... 0.165 0.25  0.25 ]
