26.3
22.8
26.3
36.8
36.8
26.3
26.3
24.6
26.3
24.6
19.3
22.8
26.3
31.6
40.4
12.3
15.8
19.3
24.6
14.0
19.3
22.8
3.5
8.8
19.3
7.0
7.0
12.3
7.0
7.0
12.3
7.0
8.8
15.8
7.0
7.0
8.8
10.5
19.3
7.0
14.0
15.8
7.0
14.0
7.0
12.3
0.0
8.8
19.3
7.0
7.0
17.5
15.8
8.8
7.0
12.3
10.5
8.8
21.1
12.3
8.8
7.0
7.0
7.0
5.3
7.0
7.0
8.8
7.0
7.0
7.0
15.8
7.0
10.5
7.0
8.8
7.0
7.0
7.0
0.0
8.8
7.0
3.5
8.8
1.8
3.5
0.0
12.3
7.0
1.8
0.0
0.0
0.0
1.8
0.0
0.0
1.8
1.8
0.0
12.3
3.5
0.0
3.5
1.8
0.0
0.0
0.0
0.0
0.0
0.0
0.0
1.8
3.5
1.8
1.8
1.8
0.0
0.0
7.0
1.8
1.8
0.0
0.0
0.0
0.0
0.0
0.0
0.0
7.0
0.0
12.3
7.0
0.0
3.5
0.0
0.0
