43.9
26.3
28.1
28.1
28.1
26.3
19.3
31.6
21.1
24.6
26.3
24.6
19.3
19.3
24.6
19.3
21.1
22.8
21.1
19.3
21.1
21.1
19.3
22.8
17.5
22.8
19.3
21.1
10.5
8.8
14.0
10.5
8.8
15.8
21.1
8.8
12.3
15.8
12.3
17.5
8.8
8.8
7.0
19.3
7.0
7.0
7.0
12.3
8.8
7.0
7.0
7.0
12.3
10.5
12.3
8.8
8.8
7.0
10.5
7.0
7.0
12.3
12.3
7.0
7.0
7.0
7.0
5.3
8.8
7.0
7.0
7.0
12.3
7.0
10.5
7.0
12.3
7.0
10.5
7.0
17.5
12.3
7.0
14.0
7.0
10.5
7.0
19.3
7.0
7.0
3.5
8.8
14.0
12.3
12.3
14.0
7.0
7.0
10.5
7.0
7.0
10.5
14.0
10.5
14.0
17.5
7.0
7.0
7.0
8.8
7.0
7.0
7.0
7.0
8.8
12.3
10.5
8.8
7.0
7.0
7.0
8.8
12.3
7.0
12.3
3.5
7.0
0.0
7.0
7.0
7.0
7.0
7.0
10.5
7.0
7.0
7.0
14.0
8.8
8.8
7.0
7.0
7.0
7.0
7.0
7.0
3.5
17.5
14.0
0.0
8.8
7.0
7.0
7.0
10.5
7.0
12.3
8.8
8.8
7.0
12.3
7.0
7.0
7.0
8.8
7.0
7.0
10.5
8.8
14.0
7.0
7.0
7.0
14.0
7.0
7.0
12.3
10.5
14.0
12.3
7.0
7.0
0.0
14.0
7.0
7.0
7.0
7.0
7.0
8.8
8.8
8.8
8.8
7.0
7.0
8.8
17.5
12.3
0.0
7.0
7.0
7.0
7.0
5.3
