29.8
26.3
26.3
26.3
26.3
26.3
35.1
14.0
28.1
21.1
24.6
15.8
19.3
15.8
15.8
14.0
10.5
5.3
8.8
15.8
7.0
14.0
8.8
10.5
14.0
15.8
10.5
7.0
21.1
7.0
8.8
14.0
14.0
10.5
10.5
10.5
7.0
10.5
22.8
10.5
10.5
8.8
8.8
15.8
7.0
15.8
7.0
7.0
8.8
17.5
8.8
10.5
8.8
21.1
8.8
14.0
17.5
10.5
10.5
12.3
10.5
7.0
8.8
17.5
8.8
7.0
1.8
15.8
7.0
8.8
7.0
7.0
7.0
7.0
19.3
8.8
8.8
8.8
12.3
7.0
7.0
12.3
0.0
7.0
8.8
8.8
10.5
7.0
7.0
7.0
10.5
8.8
7.0
17.5
7.0
7.0
7.0
7.0
7.0
8.8
14.0
14.0
7.0
0.0
7.0
15.8
7.0
8.8
7.0
14.0
8.8
7.0
19.3
8.8
14.0
7.0
8.8
12.3
7.0
7.0
8.8
7.0
7.0
10.5
7.0
14.0
8.8
7.0
7.0
7.0
7.0
7.0
7.0
8.8
7.0
7.0
7.0
7.0
7.0
7.0
7.0
7.0
17.5
7.0
7.0
7.0
7.0
0.0
10.5
7.0
0.0
8.8
7.0
12.3
5.3
10.5
8.8
7.0
7.0
7.0
7.0
5.3
12.3
14.0
12.3
7.0
7.0
17.5
8.8
7.0
10.5
14.0
8.8
7.0
12.3
7.0
7.0
7.0
7.0
8.8
5.3
7.0
8.8
12.3
5.3
7.0
7.0
5.3
7.0
7.0
10.5
14.0
7.0
7.0
7.0
8.8
0.0
0.0
17.5
7.0
5.3
3.5
7.0
7.0
