26.3
24.6
26.3
28.1
26.3
29.8
33.3
31.6
21.1
26.3
26.3
26.3
26.3
26.3
26.3
26.3
26.3
21.1
15.8
14.0
19.3
19.3
17.5
19.3
17.5
22.8
14.0
12.3
14.0
22.8
12.3
14.0
14.0
19.3
12.3
17.5
10.5
15.8
14.0
14.0
14.0
8.8
10.5
7.0
10.5
19.3
7.0
8.8
17.5
7.0
7.0
7.0
12.3
12.3
7.0
7.0
8.8
8.8
14.0
7.0
7.0
7.0
10.5
8.8
7.0
7.0
10.5
7.0
7.0
17.5
7.0
7.0
7.0
7.0
1.8
5.3
7.0
3.5
8.8
7.0
7.0
3.5
5.3
5.3
10.5
12.3
10.5
12.3
5.3
3.5
5.3
7.0
10.5
5.3
7.0
5.3
7.0
7.0
7.0
14.0
7.0
5.3
10.5
3.5
5.3
3.5
7.0
5.3
5.3
7.0
3.5
17.5
10.5
7.0
3.5
5.3
7.0
12.3
7.0
0.0
7.0
1.8
10.5
5.3
3.5
8.8
1.8
7.0
5.3
0.0
1.8
0.0
3.5
0.0
5.3
0.0
